0.19790000000000021 -0.04 13.78000000000003
-0.04 -0.1531 -12.760000000000048
-0.1531 -0.0725 -10.46999999999997
-0.0725 0.017400000000000092 -2.5600000000000023
0.017400000000000092 0.09170000000000016 3.490000000000009
0.09170000000000016 0.059699999999999705 2.3700000000000045
0.059699999999999705 0.08029999999999973 5.289999999999964
0.08029999999999973 -0.05419999999999959 -1.6499999999999773
-0.05419999999999959 -0.16939999999999997 -6.769999999999982
-0.16939999999999997 -0.14110000000000014 -6.310000000000002
-0.14110000000000014 0.03390000000000043 -5.420000000000016
0.03390000000000043 0.06560000000000002 10.600000000000023
0.06560000000000002 0.04349999999999966 4.399999999999977
0.04349999999999966 0.04099999999999966 -0.6700000000000159
0.04099999999999966 0.09620000000000005 5.199999999999989
0.09620000000000005 0.014300000000000068 2.930000000000007
0.014300000000000068 0.009800000000000182 -1.089999999999975
0.009800000000000182 0.0575 3.3899999999999864
0.0575 -0.0036000000000001365 3.0400000000000205
-0.0036000000000001365 0.17689999999999997 -2.9600000000000364
0.17689999999999997 0.19790000000000021 19.160000000000025
0.19790000000000021 0.03709999999999979 -0.6200000000000045
0.03709999999999979 -0.06379999999999995 3.75
-0.06379999999999995 0.0525 -8.129999999999995
0.0525 0.04349999999999966 9.0
0.04349999999999966 -0.003999999999999773 -4.180000000000007
-0.003999999999999773 -0.006399999999999863 4.430000000000007
-0.006399999999999863 -0.12189999999999998 -4.25
-0.12189999999999998 -0.1221999999999997 -7.829999999999984
-0.1221999999999997 -0.04389999999999986 -5.680000000000007
-0.04389999999999986 -0.010299999999999728 -0.07999999999998408
-0.010299999999999728 -0.11279999999999973 -3.1000000000000227
-0.11279999999999973 -0.13799999999999954 -7.569999999999993
-0.13799999999999954 -0.03170000000000016 -4.639999999999986
-0.03170000000000016 0.024399999999999977 2.859999999999957
0.024399999999999977 -0.030400000000000205 1.0300000000000296
-0.030400000000000205 0.08579999999999983 0.07999999999998408
0.08579999999999983 0.2639999999999998 10.480000000000018
0.2639999999999998 0.14310000000000003 15.819999999999993
0.14310000000000003 0.03129999999999995 0.029999999999972715
0.03129999999999995 0.11139999999999986 2.6000000000000227
0.11139999999999986 0.11259999999999991 11.899999999999977
0.11259999999999991 -0.028000000000000115 -1.8999999999999773
-0.028000000000000115 -0.002400000000000091 -4.5
-0.002400000000000091 -0.020300000000000297 1.0600000000000023
-0.020300000000000297 -0.08449999999999988 -3.1200000000000045
-0.08449999999999988 -0.08819999999999993 -8.740000000000009
-0.08819999999999993 0.043000000000000115 0.9399999999999977
0.043000000000000115 0.030199999999999817 3.1100000000000136
0.030199999999999817 -0.012199999999999704 -0.5400000000000205
-0.012199999999999704 0.017400000000000092 -2.9799999999999613
0.017400000000000092 0.04019999999999982 5.909999999999968
0.04019999999999982 -0.16930000000000006 -2.930000000000007
-0.16930000000000006 0.010600000000000023 -11.879999999999995
0.010600000000000023 0.0649000000000001 11.680000000000007
0.0649000000000001 -0.03699999999999989 7.980000000000018
-0.03699999999999989 0.08569999999999993 -8.990000000000009
0.08569999999999993 0.12899999999999978 14.870000000000005
0.12899999999999978 0.004900000000000091 -2.3700000000000045
0.004900000000000091 -0.02509999999999991 0.0
-0.02509999999999991 0.03370000000000004 -3.0
0.03370000000000004 -0.009499999999999887 4.480000000000018
-0.009499999999999887 0.032799999999999725 -5.980000000000018
0.032799999999999725 0.05959999999999979 7.5
0.05959999999999979 -0.3299000000000001 -0.6299999999999955
-0.3299000000000001 0.008499999999999659 -32.120000000000005
0.008499999999999659 0.12349999999999967 12.019999999999982
0.12349999999999967 0.003299999999999841 1.0500000000000114
0.003299999999999841 -0.06909999999999968 -0.5699999999999932
-0.06909999999999968 -0.10529999999999973 -8.029999999999973
-0.10529999999999973 -0.12960000000000035 -8.920000000000016
-0.12960000000000035 -0.1254000000000002 -2.1000000000000227
-0.1254000000000002 -0.15670000000000017 -11.079999999999984
-0.15670000000000017 -0.10459999999999979 -2.8100000000000023
-0.10459999999999979 -0.04160000000000025 -2.8700000000000045
-0.04160000000000025 0.08739999999999952 -0.410000000000025
0.08739999999999952 0.01990000000000009 5.060000000000002
0.01990000000000009 -0.06379999999999995 -2.849999999999966
-0.06379999999999995 0.026200000000000046 -3.2200000000000273
0.026200000000000046 0.017900000000000204 4.03000000000003
0.017900000000000204 0.07800000000000011 -0.9399999999999977
0.07800000000000011 0.05939999999999998 7.089999999999975
0.05939999999999998 -0.10160000000000025 -2.849999999999966
-0.10160000000000025 0.008799999999999954 -3.4500000000000455
0.008799999999999954 0.04079999999999984 -2.8999999999999773
0.04079999999999984 0.19110000000000013 4.75
0.19110000000000013 0.05620000000000005 15.350000000000023
0.05620000000000005 -0.0033000000000004094 -6.6200000000000045
-0.0033000000000004094 0.012200000000000273 0.6599999999999682
0.012200000000000273 -0.10299999999999955 1.9800000000000182
-0.10299999999999955 -0.0995999999999998 -10.019999999999982
-0.0995999999999998 -0.07899999999999978 -1.0300000000000296
-0.07899999999999978 -0.215 -2.2199999999999704
-0.215 -0.23810000000000003 -13.340000000000032
-0.23810000000000003 -0.06519999999999981 -8.409999999999968
-0.06519999999999981 -0.06089999999999975 1.8999999999999773
-0.06089999999999975 -0.051499999999999775 -7.0
-0.051499999999999775 0.10490000000000009 -0.25
